0.001               ! integration step
0.1                 ! time lap
10                 ! total integration time
   10
 1.000   2.453732e-01  -1.843557e+00  -9.641634e-01   1.024402e+00
 1.000   5.930085e-01   1.156382e+00   5.094647e-01  -4.535135e-01
 1.000   1.006298e+00   1.897710e+00  -7.882292e-01   1.244008e-01
 1.000  -1.425909e-01  -3.510307e-01  -1.194429e+00   1.531239e-01
 1.000   1.177824e-01  -4.267126e-01  -7.370921e-01   3.430290e-01
 1.000   2.140364e+00   1.163381e+00   9.956727e-01  -1.454522e-01
 1.000  -1.849705e+00  -1.269787e-01   1.219872e-01   2.937241e-01
 1.000   5.089470e-01  -1.764212e+00   9.863362e-01   8.627569e-01
 1.000   1.283984e+00  -4.623775e-01   5.859140e-01   4.584154e-01
 1.000  -1.123123e+00  -2.389568e-01  -1.147242e+00  -2.042862e+00
