0.001               ! integration step
0.1                 ! time lap
50                 ! total integration time
  100
 1.000   2.745294e-01  -1.854091e+00   1.605242e+00   1.099812e+00
 1.000   6.221646e-01   1.145849e+00  -1.602893e+00  -8.201122e-01
 1.000   1.035454e+00   1.887176e+00   5.591672e-01   1.819827e+00
 1.000  -1.134348e-01  -3.615638e-01  -1.530681e+00   8.843942e-02
 1.000   1.469386e-01  -4.372456e-01   1.338233e+00   1.131343e+00
 1.000   2.169521e+00   1.152848e+00  -1.441516e+00  -6.858546e-01
 1.000  -1.820549e+00  -1.375118e-01   4.664142e-01  -5.508549e-01
 1.000   5.381031e-01  -1.774745e+00   6.227924e-01  -2.619563e-02
 1.000   1.313140e+00  -4.729105e-01   1.242681e+00  -1.652939e+00
 1.000  -1.093966e+00  -2.494899e-01  -3.381287e-01   1.406562e+00
 1.000  -9.840308e-01   1.031807e+00  -1.127487e+00   6.477018e-01
 1.000   4.895973e-01  -4.461091e-01  -7.108805e-01  -4.792356e-01
 1.000  -8.080966e-01   1.318053e-01   1.308277e+00   9.574195e-01
 1.000  -1.214297e+00   1.605284e-01   1.025186e+00  -1.294211e+00
 1.000  -7.569595e-01   3.504335e-01   3.376110e-01   2.666486e-01
 1.000   9.758053e-01  -1.380477e-01   9.967119e-01   1.257727e+00
 1.000   1.021198e-01   3.011286e-01  -2.215843e+00  -3.277588e-01
 1.000   9.664688e-01   8.701614e-01   1.217993e-01   5.067078e-01
 1.000   5.660466e-01   4.658199e-01  -5.220535e-01  -5.908230e-01
 1.000  -1.167110e+00  -2.035457e+00   8.573939e-03   4.026303e-01
 1.000  -1.157150e+00   3.345695e+00   1.877887e+00  -5.436462e-01
 1.000   1.249907e-01  -6.936413e-01   3.764730e-01  -7.102269e-01
 1.000   5.559380e-01   9.968415e-02   1.951322e+00  -7.580413e-01
 1.000   6.361897e-01   7.036482e-01   2.295530e-01   1.407784e+00
 1.000  -9.178296e-01  -7.854767e-01  -1.069131e+00  -1.218486e+00
 1.000   1.117445e+00  -9.828586e-01   6.354403e-01  -6.389489e-01
 1.000   2.427835e-01  -5.808722e-01   1.600341e+00  -7.295816e-01
 1.000   4.278274e-01   7.989395e-01  -1.009337e+00  -1.001636e+00
 1.000  -6.118065e-01   1.185942e+00   6.846518e-02  -2.093630e+00
 1.000  -7.125705e-01  -7.805914e-01   2.042860e-01   3.890932e-01
 1.000  -2.321095e-01   1.207326e-01  -1.756797e+00  -4.814888e-01
 1.000  -7.902063e-01  -2.959585e+00  -5.074446e-01   1.389617e+00
 1.000  -7.973176e-01   2.851198e-01   6.083576e-02  -4.797947e-02
 1.000   5.208008e-01   8.409199e-02  -5.485153e-01   1.076423e+00
 1.000   2.719059e+00   6.115454e-01   8.336983e-01  -1.474886e+00
 1.000  -8.376805e-01  -3.158490e-03   7.474052e-01   1.003533e+00
 1.000   3.913582e-01   6.850326e-01   2.261332e-01   9.762260e-01
 1.000   7.734652e-01   5.565404e-01   7.387639e-01  -1.538073e+00
 1.000  -5.427164e-01   1.524955e+00  -6.143895e-01   2.090986e-01
 1.000   1.206649e+00   5.181484e-02  -1.876201e-01  -8.622191e-01
 1.000  -4.283677e-01   8.084778e-01  -1.237263e+00  -1.291400e+00
 1.000   5.554328e-02  -1.039634e+00  -1.998952e+00  -7.287114e-02
 1.000   9.324116e-01  -1.194970e-01  -2.765366e-01  -1.359322e+00
 1.000   2.205280e+00  -3.399393e+00   5.858542e-01  -9.743375e-01
 1.000   1.231792e+00  -5.873433e-01  -1.643770e+00  -1.270297e+00
 1.000  -9.786734e-01   4.686079e-01  -1.052715e+00   2.802504e-01
 1.000   2.869390e+00  -1.207548e+00  -8.247885e-01   3.220569e-01
 1.000   1.001867e+00   1.131264e+00  -1.134626e-01   1.358896e+00
 1.000   5.583032e-01  -6.178597e-01  -1.151688e-01  -7.627631e-01
 1.000  -2.265352e-01   2.216439e+00  -2.758910e+00  -1.552218e-01
 1.000  -1.559948e-01   2.881448e-01   8.444635e-01  -9.488286e-02
 1.000   5.776246e-01   9.337878e-01  -4.672105e-02   2.777500e-01
 1.000   1.667882e+00   1.717777e+00  -1.257169e-01   5.407972e-01
 1.000  -2.553870e-01  -1.162511e+00  -8.309654e-01  -1.986710e-01
 1.000   5.327150e-01  -1.408493e+00  -5.527863e-01   8.971684e-01
 1.000  -1.061506e+00  -4.455849e-01   1.572549e+00   1.633551e+00
 1.000  -1.164185e+00  -6.214547e-01  -4.757000e-01  -1.563208e-02
 1.000   6.075948e-01   6.157572e-01   5.426016e-01  -2.697981e-01
 1.000   5.025616e-01  -6.751650e-01  -1.157938e+00   1.283814e-01
 1.000   1.311780e+00   9.039123e-01  -2.990432e-01  -1.100376e+00
 1.000  -2.099863e+00  -2.572366e-01   2.626959e-01  -3.137385e-01
 1.000   1.021888e+00  -3.141232e-01  -1.380190e+00  -2.832363e-01
 1.000   1.071170e+00   3.313968e-02   1.060919e+00   1.055107e+00
 1.000   2.523518e+00  -1.743659e-01   6.393354e-01  -1.604206e-02
 1.000  -8.436948e-01   7.713834e-02   2.802752e-01  -1.951892e-01
 1.000  -6.729693e-01  -3.166219e-01   6.591872e-02  -8.655872e-01
 1.000  -6.270935e-01  -1.057095e+00   1.063413e+00  -7.402446e-01
 1.000   1.054402e+00   5.029300e-03   1.401440e+00  -2.142967e+00
 1.000   2.120933e-01  -1.695178e+00  -5.454058e-01  -5.994855e-02
 1.000   1.346342e+00  -1.963474e+00   7.109025e-01   7.794062e-01
 1.000  -2.333919e-01   4.492278e-02  -4.573770e-01   7.149234e-01
 1.000  -1.714024e+00   1.612653e+00   7.441264e-01  -2.364322e-01
 1.000  -6.635840e-01  -5.786310e-01   7.049424e-01  -1.521979e+00
 1.000   1.726503e-01   7.994101e-01  -5.728903e-01   6.951254e-01
 1.000   5.356602e-01  -8.233323e-01  -1.402667e-01   3.773748e-01
 1.000   1.444248e-01  -9.009449e-02  -8.313618e-01  -7.654772e-03
 1.000   9.396228e-01   1.177876e+00  -1.074826e+00  -1.411321e+00
 1.000   2.316494e-02   3.055373e-01  -1.131951e+00   1.127641e+00
 1.000   9.528374e-01  -5.919159e-03  -5.217632e-01   5.740293e-01
 1.000   2.131299e-01   1.242963e+00  -1.452860e+00  -4.997065e-01
 1.000   1.451702e-01   2.930961e-01   7.661852e-01   4.129454e-02
 1.000  -6.327871e-01  -4.085093e-01   1.634441e-01  -2.412282e+00
 1.000   3.564080e-02   9.344074e-01   2.697716e+00   2.831284e-01
 1.000  -1.380338e+00  -3.274431e-01  -1.546647e+00  -2.685312e-01
 1.000   3.900694e-01   7.488593e-01  -9.584314e-01   3.580978e-01
 1.000   1.587990e-01  -6.115552e-01  -1.032640e+00   2.926888e-01
 1.000   6.867591e-01   1.826228e-01   2.978399e-01  -5.930610e-01
 1.000   4.663217e-01  -7.151737e-01   5.906666e-01  -3.193246e-02
 1.000   2.217512e-01  -2.290164e-01  -6.503143e-01  -9.886472e-02
 1.000  -4.116589e-01  -1.194193e+00  -3.853613e-02  -1.624133e-01
 1.000  -1.216335e+00  -1.663197e+00   1.975049e-02  -3.207474e-01
 1.000   1.286573e+00  -6.247253e-01   1.141256e+00   1.745986e-01
 1.000   1.953539e+00  -1.894253e+00   1.038479e+00   1.305952e+00
 1.000  -2.503717e-01   1.295508e+00   6.017812e-02   9.008909e-01
 1.000  -1.278880e+00  -1.230151e+00  -6.426483e-02  -3.765194e-01
 1.000   3.365514e-01   5.108231e-01   1.291899e+00   6.848819e-01
 1.000   4.867708e-02  -8.117757e-01   1.006043e-01  -6.494451e-01
 1.000  -1.485326e-01   2.052842e+00   4.453421e-01   5.944846e-01
 1.000   1.143636e+00   7.701747e-02  -2.372523e-01   8.636558e-02
 1.000  -8.623919e-01  -3.871614e-01   2.673832e-01  -1.631539e+00
