10
   0   0   0   0   0   0   0   0   0   0   0   0
   0   0   0   0   0   0   0   0   0   0   0   0
   0   0   0   0   0   0   0   0   0   0   0   0
   0   0   0   0   0   0   0   0   0   0   0   0
   0   0   0   0   0   0   0   0   0   0   0   0
   0   0   0   0   0   0   0   0   0   0   0   0
   0   0   0   0   0   0   0   0   0   0   0   0
   0   0   0   0   0   0   0   0   0   0   0   0
   0   0   0   0   0   0   0   0   0   0   0   0
   0   0   0   0   0   0   0   0   0   0   0   0
   0   0   0   0   0   0   0   0   0   0   0   0
 100 100 100 100 100 100 100 100 100 100 100 100

7
   0   0   0   0   0   0   0   0   0
   0   0   0   0   0   0   0   0   0
   0   0   0   0   0   0   0   0   0
   0   0   0   0   0   0   0   0   0
   0   0   0   0   0   0   0   0   0
   0   0   0   0   0   0   0   0   0
   0   0   0   0   0   0   0   0   0
   0   0   0   0   0   0   0   0   0
 100 100 100 100 100 100 100 100 100