time = 0, diff_t =  2.50000E-02
   0.    0.    0.    0.    0.    0.    0.    0.    0.    0.    0.    0.
   0.    0.    0.    0.    0.    0.    0.    0.    0.    0.    0.    0.
   0.    0.    0.    0.    0.    0.    0.    0.    0.    0.    0.    0.
   0.    0.    0.    0.    0.    0.    0.    0.    0.    0.    0.    0.
   0.    0.    0.    0.    0.    0.    0.    0.    0.    0.    0.    0.
   0.    0.    0.    0.    0.    0.    0.    0.    0.    0.    0.    0.
   0.    0.    0.    0.    0.    0.    0.    0.    0.    0.    0.    0.
   0.    0.    0.    0.    0.    0.    0.    0.    0.    0.    0.    0.
   0.    0.    0.    0.    0.    0.    0.    0.    0.    0.    0.    0.
   0.    0.    0.    0.    0.    0.    0.    0.    0.    0.    0.    0.
   0.    0.    0.    0.    0.    0.    0.    0.    0.    0.    0.    0.
 100.  100.  100.  100.  100.  100.  100.  100.  100.  100.  100.  100.
time = 10000, diff_t =  2.26593E-03
   0.    0.    0.    0.    0.    0.    0.    0.    0.    0.    0.    0.
   0.    0.    0.    0.    0.    0.    0.    0.    0.    0.    0.    0.
   0.    0.    0.    0.    0.    0.    0.    0.    0.    0.    0.    0.
   0.    0.    0.    0.    0.    0.    0.    0.    0.    0.    0.    0.
   0.    0.    0.    0.    0.    0.    0.    0.    0.    0.    0.    0.
   0.    0.    1.    1.    1.    1.    1.    1.    1.    1.    0.    0.
   0.    1.    2.    3.    3.    3.    3.    3.    3.    2.    1.    0.
   0.    3.    6.    7.    8.    8.    8.    8.    7.    6.    3.    0.
   0.    9.   14.   17.   18.   18.   18.   18.   17.   14.    9.    0.
   0.   20.   30.   35.   36.   37.   37.   36.   35.   30.   20.    0.
   0.   44.   58.   63.   65.   65.   65.   65.   63.   58.   44.    0.
 100.  100.  100.  100.  100.  100.  100.  100.  100.  100.  100.  100.
time = 20000, diff_t =  9.88007E-04
   0.    0.    0.    0.    0.    0.    0.    0.    0.    0.    0.    0.
   0.    0.    0.    0.    0.    0.    0.    0.    0.    0.    0.    0.
   0.    0.    0.    0.    0.    0.    0.    0.    0.    0.    0.    0.
   0.    0.    1.    1.    1.    1.    1.    1.    1.    1.    0.    0.
   0.    1.    2.    2.    2.    3.    3.    2.    2.    2.    1.    0.
   0.    2.    3.    4.    5.    5.    5.    5.    4.    3.    2.    0.
   0.    4.    7.    9.   10.   11.   11.   10.    9.    7.    4.    0.
   0.    7.   13.   16.   18.   19.   19.   18.   16.   13.    7.    0.
   0.   13.   23.   28.   31.   32.   32.   31.   28.   23.   13.    0.
   0.   24.   39.   46.   49.   51.   51.   49.   46.   39.   24.    0.
   0.   47.   64.   70.   73.   74.   74.   73.   70.   64.   47.    0.
 100.  100.  100.  100.  100.  100.  100.  100.  100.  100.  100.  100.
time = 30000, diff_t =  5.43594E-04
   0.    0.    0.    0.    0.    0.    0.    0.    0.    0.    0.    0.
   0.    0.    0.    1.    1.    1.    1.    1.    1.    0.    0.    0.
   0.    0.    1.    1.    1.    2.    2.    1.    1.    1.    0.    0.
   0.    1.    2.    2.    3.    3.    3.    3.    2.    2.    1.    0.
   0.    2.    3.    5.    5.    6.    6.    5.    5.    3.    2.    0.
   0.    3.    6.    8.    9.   10.   10.    9.    8.    6.    3.    0.
   0.    6.   10.   14.   16.   17.   17.   16.   14.   10.    6.    0.
   0.    9.   17.   22.   25.   26.   26.   25.   22.   17.    9.    0.
   0.   15.   27.   34.   38.   40.   40.   38.   34.   27.   15.    0.
   0.   26.   42.   51.   55.   57.   57.   55.   51.   42.   26.    0.
   0.   48.   66.   73.   76.   77.   77.   76.   73.   66.   48.    0.
 100.  100.  100.  100.  100.  100.  100.  100.  100.  100.  100.  100.
time = 40000, diff_t =  3.31879E-04
   0.    0.    0.    0.    0.    0.    0.    0.    0.    0.    0.    0.
   0.    0.    1.    1.    1.    1.    1.    1.    1.    1.    0.    0.
   0.    1.    2.    2.    3.    3.    3.    3.    2.    2.    1.    0.
   0.    2.    3.    4.    5.    5.    5.    5.    4.    3.    2.    0.
   0.    3.    5.    7.    8.    9.    9.    8.    7.    5.    3.    0.
   0.    4.    8.   11.   13.   14.   14.   13.   11.    8.    4.    0.
   0.    7.   12.   17.   20.   21.   21.   20.   17.   12.    7.    0.
   0.   10.   19.   25.   29.   31.   31.   29.   25.   19.   10.    0.
   0.   17.   29.   37.   42.   44.   44.   42.   37.   29.   17.    0.
   0.   27.   44.   53.   58.   60.   60.   58.   53.   44.   27.    0.
   0.   48.   67.   74.   78.   79.   79.   78.   74.   67.   48.    0.
 100.  100.  100.  100.  100.  100.  100.  100.  100.  100.  100.  100.
time = 50000, diff_t =  2.15530E-04
   0.    0.    0.    0.    0.    0.    0.    0.    0.    0.    0.    0.
   0.    1.    1.    1.    2.    2.    2.    2.    1.    1.    1.    0.
   0.    1.    2.    3.    4.    4.    4.    4.    3.    2.    1.    0.
   0.    2.    4.    5.    6.    7.    7.    6.    5.    4.    2.    0.
   0.    3.    6.    8.   10.   11.   11.   10.    8.    6.    3.    0.
   0.    5.    9.   13.   15.   16.   16.   15.   13.    9.    5.    0.
   0.    7.   14.   19.   22.   24.   24.   22.   19.   14.    7.    0.
   0.   11.   21.   27.   31.   33.   33.   31.   27.   21.   11.    0.
   0.   17.   30.   39.   44.   46.   46.   44.   39.   30.   17.    0.
   0.   28.   45.   54.   59.   62.   62.   59.   54.   45.   28.    0.
   0.   49.   67.   75.   78.   80.   80.   78.   75.   67.   49.    0.
 100.  100.  100.  100.  100.  100.  100.  100.  100.  100.  100.  100.
time = 60000, diff_t =  1.41144E-04
   0.    0.    0.    0.    0.    0.    0.    0.    0.    0.    0.    0.
   0.    1.    1.    2.    2.    2.    2.    2.    2.    1.    1.    0.
   0.    1.    3.    4.    4.    5.    5.    4.    4.    3.    1.    0.
   0.    2.    4.    6.    7.    8.    8.    7.    6.    4.    2.    0.
   0.    4.    7.    9.   11.   12.   12.   11.    9.    7.    4.    0.
   0.    5.   10.   14.   17.   18.   18.   17.   14.   10.    5.    0.
   0.    8.   15.   20.   24.   25.   25.   24.   20.   15.    8.    0.
   0.   12.   21.   28.   33.   35.   35.   33.   28.   21.   12.    0.
   0.   18.   31.   40.   45.   47.   47.   45.   40.   31.   18.    0.
   0.   28.   45.   55.   60.   63.   63.   60.   55.   45.   28.    0.
   0.   49.   67.   75.   79.   81.   81.   79.   75.   67.   49.    0.
 100.  100.  100.  100.  100.  100.  100.  100.  100.  100.  100.  100.
time = 70000, diff_t =  9.53674E-05
   0.    0.    0.    0.    0.    0.    0.    0.    0.    0.    0.    0.
   0.    1.    1.    2.    2.    3.    3.    2.    2.    1.    1.    0.
   0.    2.    3.    4.    5.    5.    5.    5.    4.    3.    2.    0.
   0.    3.    5.    7.    8.    9.    9.    8.    7.    5.    3.    0.
   0.    4.    7.   10.   12.   13.   13.   12.   10.    7.    4.    0.
   0.    6.   11.   15.   18.   19.   19.   18.   15.   11.    6.    0.
   0.    8.   15.   21.   25.   26.   26.   25.   21.   15.    8.    0.
   0.   12.   22.   29.   34.   36.   36.   34.   29.   22.   12.    0.
   0.   18.   31.   41.   46.   48.   48.   46.   41.   31.   18.    0.
   0.   28.   46.   56.   61.   63.   63.   61.   56.   46.   28.    0.
   0.   49.   68.   76.   79.   81.   81.   79.   76.   68.   49.    0.
 100.  100.  100.  100.  100.  100.  100.  100.  100.  100.  100.  100.
time = 80000, diff_t =  6.29425E-05
   0.    0.    0.    0.    0.    0.    0.    0.    0.    0.    0.    0.
   0.    1.    2.    2.    3.    3.    3.    3.    2.    2.    1.    0.
   0.    2.    3.    4.    5.    6.    6.    5.    4.    3.    2.    0.
   0.    3.    5.    7.    9.    9.    9.    9.    7.    5.    3.    0.
   0.    4.    8.   11.   13.   14.   14.   13.   11.    8.    4.    0.
   0.    6.   11.   15.   18.   20.   20.   18.   15.   11.    6.    0.
   0.    8.   16.   22.   25.   27.   27.   25.   22.   16.    8.    0.
   0.   12.   22.   30.   35.   37.   37.   35.   30.   22.   12.    0.
   0.   18.   32.   41.   46.   49.   49.   46.   41.   32.   18.    0.
   0.   28.   46.   56.   61.   64.   64.   61.   56.   46.   28.    0.
   0.   49.   68.   76.   80.   81.   81.   80.   76.   68.   49.    0.
 100.  100.  100.  100.  100.  100.  100.  100.  100.  100.  100.  100.
time = 90000, diff_t =  4.19617E-05
   0.    0.    0.    0.    0.    0.    0.    0.    0.    0.    0.    0.
   0.    1.    2.    2.    3.    3.    3.    3.    2.    2.    1.    0.
   0.    2.    3.    5.    6.    6.    6.    6.    5.    3.    2.    0.
   0.    3.    5.    8.    9.   10.   10.    9.    8.    5.    3.    0.
   0.    4.    8.   11.   13.   14.   14.   13.   11.    8.    4.    0.
   0.    6.   12.   16.   19.   20.   20.   19.   16.   12.    6.    0.
   0.    9.   16.   22.   26.   28.   28.   26.   22.   16.    9.    0.
   0.   12.   23.   30.   35.   37.   37.   35.   30.   23.   12.    0.
   0.   18.   32.   41.   47.   49.   49.   47.   41.   32.   18.    0.
   0.   28.   46.   56.   62.   64.   64.   62.   56.   46.   28.    0.
   0.   49.   68.   76.   80.   81.   81.   80.   76.   68.   49.    0.
 100.  100.  100.  100.  100.  100.  100.  100.  100.  100.  100.  100.
time = 100000, diff_t =  2.86102E-05
   0.    0.    0.    0.    0.    0.    0.    0.    0.    0.    0.    0.
   0.    1.    2.    2.    3.    3.    3.    3.    2.    2.    1.    0.
   0.    2.    3.    5.    6.    6.    6.    6.    5.    3.    2.    0.
   0.    3.    6.    8.    9.   10.   10.    9.    8.    6.    3.    0.
   0.    4.    8.   11.   14.   15.   15.   14.   11.    8.    4.    0.
   0.    6.   12.   16.   19.   21.   21.   19.   16.   12.    6.    0.
   0.    9.   16.   22.   26.   28.   28.   26.   22.   16.    9.    0.
   0.   12.   23.   30.   35.   38.   38.   35.   30.   23.   12.    0.
   0.   18.   32.   41.   47.   50.   50.   47.   41.   32.   18.    0.
   0.   28.   46.   56.   62.   64.   64.   62.   56.   46.   28.    0.
   0.   49.   68.   76.   80.   81.   81.   80.   76.   68.   49.    0.
 100.  100.  100.  100.  100.  100.  100.  100.  100.  100.  100.  100.
time = 110000, diff_t =  1.90735E-05
   0.    0.    0.    0.    0.    0.    0.    0.    0.    0.    0.    0.
   0.    1.    2.    2.    3.    3.    3.    3.    2.    2.    1.    0.
   0.    2.    4.    5.    6.    6.    6.    6.    5.    4.    2.    0.
   0.    3.    6.    8.    9.   10.   10.    9.    8.    6.    3.    0.
   0.    4.    8.   12.   14.   15.   15.   14.   12.    8.    4.    0.
   0.    6.   12.   16.   19.   21.   21.   19.   16.   12.    6.    0.
   0.    9.   16.   22.   26.   28.   28.   26.   22.   16.    9.    0.
   0.   13.   23.   31.   35.   38.   38.   35.   31.   23.   13.    0.
   0.   18.   32.   42.   47.   50.   50.   47.   42.   32.   18.    0.
   0.   28.   46.   56.   62.   64.   64.   62.   56.   46.   28.    0.
   0.   49.   68.   76.   80.   81.   81.   80.   76.   68.   49.    0.
 100.  100.  100.  100.  100.  100.  100.  100.  100.  100.  100.  100.
time = 120000, diff_t =  1.14441E-05
   0.    0.    0.    0.    0.    0.    0.    0.    0.    0.    0.    0.
   0.    1.    2.    2.    3.    3.    3.    3.    2.    2.    1.    0.
   0.    2.    4.    5.    6.    6.    6.    6.    5.    4.    2.    0.
   0.    3.    6.    8.   10.   10.   10.   10.    8.    6.    3.    0.
   0.    4.    8.   12.   14.   15.   15.   14.   12.    8.    4.    0.
   0.    6.   12.   16.   19.   21.   21.   19.   16.   12.    6.    0.
   0.    9.   17.   23.   26.   28.   28.   26.   23.   17.    9.    0.
   0.   13.   23.   31.   36.   38.   38.   36.   31.   23.   13.    0.
   0.   18.   32.   42.   47.   50.   50.   47.   42.   32.   18.    0.
   0.   28.   46.   57.   62.   64.   64.   62.   57.   46.   28.    0.
   0.   49.   68.   76.   80.   81.   81.   80.   76.   68.   49.    0.
 100.  100.  100.  100.  100.  100.  100.  100.  100.  100.  100.  100.
time = 130000, diff_t =  9.53674E-06
   0.    0.    0.    0.    0.    0.    0.    0.    0.    0.    0.    0.
   0.    1.    2.    2.    3.    3.    3.    3.    2.    2.    1.    0.
   0.    2.    4.    5.    6.    6.    6.    6.    5.    4.    2.    0.
   0.    3.    6.    8.   10.   10.   10.   10.    8.    6.    3.    0.
   0.    4.    8.   12.   14.   15.   15.   14.   12.    8.    4.    0.
   0.    6.   12.   16.   20.   21.   21.   20.   16.   12.    6.    0.
   0.    9.   17.   23.   27.   29.   29.   27.   23.   17.    9.    0.
   0.   13.   23.   31.   36.   38.   38.   36.   31.   23.   13.    0.
   0.   18.   32.   42.   47.   50.   50.   47.   42.   32.   18.    0.
   0.   28.   46.   57.   62.   64.   64.   62.   57.   46.   28.    0.
   0.   49.   68.   76.   80.   81.   81.   80.   76.   68.   49.    0.
 100.  100.  100.  100.  100.  100.  100.  100.  100.  100.  100.  100.
time = 140000, diff_t =  7.62939E-06
   0.    0.    0.    0.    0.    0.    0.    0.    0.    0.    0.    0.
   0.    1.    2.    2.    3.    3.    3.    3.    2.    2.    1.    0.
   0.    2.    4.    5.    6.    7.    7.    6.    5.    4.    2.    0.
   0.    3.    6.    8.   10.   10.   10.   10.    8.    6.    3.    0.
   0.    4.    9.   12.   14.   15.   15.   14.   12.    9.    4.    0.
   0.    6.   12.   16.   20.   21.   21.   20.   16.   12.    6.    0.
   0.    9.   17.   23.   27.   29.   29.   27.   23.   17.    9.    0.
   0.   13.   23.   31.   36.   38.   38.   36.   31.   23.   13.    0.
   0.   18.   32.   42.   47.   50.   50.   47.   42.   32.   18.    0.
   0.   28.   46.   57.   62.   65.   65.   62.   57.   46.   28.    0.
   0.   49.   68.   76.   80.   81.   81.   80.   76.   68.   49.    0.
 100.  100.  100.  100.  100.  100.  100.  100.  100.  100.  100.  100.
time = 150000, diff_t =  3.81470E-06
   0.    0.    0.    0.    0.    0.    0.    0.    0.    0.    0.    0.
   0.    1.    2.    2.    3.    3.    3.    3.    2.    2.    1.    0.
   0.    2.    4.    5.    6.    7.    7.    6.    5.    4.    2.    0.
   0.    3.    6.    8.   10.   10.   10.   10.    8.    6.    3.    0.
   0.    4.    9.   12.   14.   15.   15.   14.   12.    9.    4.    0.
   0.    6.   12.   17.   20.   21.   21.   20.   17.   12.    6.    0.
   0.    9.   17.   23.   27.   29.   29.   27.   23.   17.    9.    0.
   0.   13.   23.   31.   36.   38.   38.   36.   31.   23.   13.    0.
   0.   18.   32.   42.   47.   50.   50.   47.   42.   32.   18.    0.
   0.   28.   46.   57.   62.   65.   65.   62.   57.   46.   28.    0.
   0.   49.   68.   76.   80.   81.   81.   80.   76.   68.   49.    0.
 100.  100.  100.  100.  100.  100.  100.  100.  100.  100.  100.  100.
time = 160000, diff_t =  1.90735E-06
   0.    0.    0.    0.    0.    0.    0.    0.    0.    0.    0.    0.
   0.    1.    2.    2.    3.    3.    3.    3.    2.    2.    1.    0.
   0.    2.    4.    5.    6.    7.    7.    6.    5.    4.    2.    0.
   0.    3.    6.    8.   10.   11.   11.   10.    8.    6.    3.    0.
   0.    4.    9.   12.   14.   15.   15.   14.   12.    9.    4.    0.
   0.    6.   12.   17.   20.   21.   21.   20.   17.   12.    6.    0.
   0.    9.   17.   23.   27.   29.   29.   27.   23.   17.    9.    0.
   0.   13.   23.   31.   36.   38.   38.   36.   31.   23.   13.    0.
   0.   18.   32.   42.   47.   50.   50.   47.   42.   32.   18.    0.
   0.   28.   46.   57.   62.   65.   65.   62.   57.   46.   28.    0.
   0.   49.   68.   76.   80.   81.   81.   80.   76.   68.   49.    0.
 100.  100.  100.  100.  100.  100.  100.  100.  100.  100.  100.  100.
time = 170000, diff_t =  9.53674E-07
   0.    0.    0.    0.    0.    0.    0.    0.    0.    0.    0.    0.
   0.    1.    2.    2.    3.    3.    3.    3.    2.    2.    1.    0.
   0.    2.    4.    5.    6.    7.    7.    6.    5.    4.    2.    0.
   0.    3.    6.    8.   10.   11.   11.   10.    8.    6.    3.    0.
   0.    4.    9.   12.   14.   15.   15.   14.   12.    9.    4.    0.
   0.    6.   12.   17.   20.   21.   21.   20.   17.   12.    6.    0.
   0.    9.   17.   23.   27.   29.   29.   27.   23.   17.    9.    0.
   0.   13.   23.   31.   36.   38.   38.   36.   31.   23.   13.    0.
   0.   18.   32.   42.   47.   50.   50.   47.   42.   32.   18.    0.
   0.   28.   46.   57.   62.   65.   65.   62.   57.   46.   28.    0.
   0.   49.   68.   76.   80.   81.   81.   80.   76.   68.   49.    0.
 100.  100.  100.  100.  100.  100.  100.  100.  100.  100.  100.  100.
time = 180000, diff_t =  2.38419E-07
   0.    0.    0.    0.    0.    0.    0.    0.    0.    0.    0.    0.
   0.    1.    2.    2.    3.    3.    3.    3.    2.    2.    1.    0.
   0.    2.    4.    5.    6.    7.    7.    6.    5.    4.    2.    0.
   0.    3.    6.    8.   10.   11.   11.   10.    8.    6.    3.    0.
   0.    4.    9.   12.   14.   15.   15.   14.   12.    9.    4.    0.
   0.    6.   12.   17.   20.   21.   21.   20.   17.   12.    6.    0.
   0.    9.   17.   23.   27.   29.   29.   27.   23.   17.    9.    0.
   0.   13.   23.   31.   36.   38.   38.   36.   31.   23.   13.    0.
   0.   18.   32.   42.   47.   50.   50.   47.   42.   32.   18.    0.
   0.   28.   46.   57.   62.   65.   65.   62.   57.   46.   28.    0.
   0.   49.   68.   76.   80.   81.   81.   80.   76.   68.   49.    0.
 100.  100.  100.  100.  100.  100.  100.  100.  100.  100.  100.  100.
Final time is 181297
